00000000
00000001
00000001
00000001
00000100
00000100
00000100
00000111
00000111
00000111
00000111
00001000
00001011
00001011
00001011
00001011
00001011
00001011
00001011
00001110
00010001
00010001
00010001
00010001
00010100
00010101
00010100
00010111
00010111
00010111
00011000
00011011
00011011
00011011
00011011
00011011
00011011
00011011
00011100
00011110
00011110
00011110
00100001
00100001
00100001
00100100
00100101
00100100
00101000
00101000
00101000
00101011
00101011
00101011
00101011
00101011
00101011
00101011
00101100
00101110
00101110
00101111
00110001
00110001
00110001
00110100
00110101
00110101
00110101
00111000
00111011
00111011
00111011
00111011
00111011
00111011
00111110
00111111
00111110
00111110
01000001
01000001
01000010
01000100
01000101
01000101
01000101
01001000
01001000
01001011
01001011
01001011
01001011
01001011
01001100
01001110
01001111
01001110
01001111
01001111
01001111
01010010
01010010
01010010
01010101
01010101
01010101
01010101
01011000
01011000
01011000
01011011
01011011
01011011
01011011
01011100
01011110
01011110
01011111
01011111
01011111
01011111
01100010
01100101
01100101
01100101
01100101
01101000
01101000
01101000
01101011
01101011
01101100
01101100
01101111
01101111
01101110
01101111
01101111
01101111
01101111
01110010
01110101
01110101
01110101
01110101
01111001
01111011
01111100
01111100
01111111
01111111
01111111
01111111
01111111
01111111
10000010
10000010
10000011
10000101
10001001
10001100
10001111
10001111
10001111
10001111
10001111
10001111
10010010
10010011
10010010
10010010
10010110
10011001
10011100
10011111
10011111
10011111
10011111
10011111
10011111
10100010
10100011
10100010
10100010
10100011
10100110
10101001
10101100
10101111
10101111
10101111
10101111
10110001
10110010
10110011
10110011
10110011
10110110
10111001
10111100
10111111
10111111
10111111
11000000
11000011
11000011
11000011
11000011
11000011
11000011
11000110
11001001
11001100
11001111
11010000
11010000
11010000
11010011
11010011
11010011
11010011
11010011
11010011
11010110
11010111
11011001
11011101
11100000
11100000
11100000
11100011
11100011
11100011
11100011
11100011
11100011
11100110
11100110
11100110
11101001
11101101
11110000
11110011
11110011
11110011
11110011
11110011
11110011
11110110
11110110
11110111
11110111
11110111
11111010
11111101
